71,36
71,2
71,0
71,7
71,6
71,35
71,3
0,273
0,270
10,164
10,16
10,84
10,202
10,276
10,236
10,238
10,128
11,28
11,10
11,26
11,18
11,12
9,6
9,4
8,9
8,7
8,10
8,17
12,2
12,1
12,3
20,2
20,1
20,3
19,2
19,1
19,3
76,3
76,2
76,1
76,0
75,5
75,4
75,3
75,2
75,1
75,0
74,3
74,2
74,1
74,0
73,5
73,4
73,3
73,2
73,1
73,0
71,34
71,33
71,32
71,31
71,30
71,29
71,28
71,27
71,26
71,25
71,24
71,23
71,22
71,21
71,20
71,19
71,18
71,17
71,16
71,15
71,14
71,13
71,12
71,11
71,10
71,9
71,1
71,8
18,1
71,5
18,3
71,4
11,6
11,1
11,4
11,3
14,1
11,2
14,3
13,1
10,248
13,3
10,192
10,170
10,158
10,126
10,68
10,64
10,1
10,14
10,3
10,2
9,1
9,7
9,3
9,2
